Sample_DEM.asc
ncols         410
nrows         333
xllcorner     51.1378872396
yllcorner     35.9197467013
cellsize      0.0003
nodata_value  -9999.0
[rows 196 to 223 of 333, columns 63 to 125 of 410]
2572.167 2577.483 2585.892 2594.025 2599.223 2600.243 2598.817 2603.504 2613.183 2623.678 2630.174 2636.373 2641.891 2647.482 2653.625 2657.483 2661.385 2665.491 2669.081 2675.859 2683.035 2687.88 2696.005 2704.647 2711.855 2718.788 2723.789 2730.416 2738.419 2746.511 2758.397 2772.771 2785.278 2801 2815.956 2830.193 2846.427 2861.737 2876.68 2890.417 2902.278 2914.427 2923.685 2930.206 2937.48 2940.944 2942.243 2949.142 2957.468 2966.977 2977.353 2987.918 2997.373 3009.835 3023.3 3028.453 3027.242 3019.961 3013.495 3010.898 3010.048 3009.692 3010.951
2594.278 2596.596 2603.767 2613.11 2620.133 2624.143 2623.179 2625.381 2629.989 2639.095 2649.354 2657.853 2662.513 2666.046 2671.687 2676.381 2680.842 2684.345 2687.853 2695.414 2703.557 2708.792 2717.162 2725.148 2731.931 2738.555 2745.842 2752.86 2760.714 2767.206 2776.676 2788.692 2800.363 2814.119 2827.184 2838.468 2850.678 2862.392 2871.697 2878.72 2885.75 2895.727 2903.013 2910.166 2916.033 2919.804 2924.229 2932.804 2941.58 2951.754 2962.305 2972.809 2984.735 2999.389 3010.605 3012.534 3006.864 2997.395 2991.647 2989.833 2988.006 2988.001 2990.504
2614.517 2614.864 2620.945 2631.537 2639.838 2646.304 2646.06 2646.992 2650.468 2658.794 2668.125 2677.082 2683.081 2685.361 2689.377 2694.377 2699.888 2703.299 2706.603 2713.623 2720.796 2726.051 2734.192 2741.293 2749.142 2756.8 2765.215 2772.624 2779.149 2783.45 2789.788 2798.998 2807.568 2818.178 2827.602 2834.526 2841.63 2848.973 2853.718 2857.722 2864.4 2873.239 2881.946 2889.511 2895.571 2901.957 2907.59 2916.713 2926.742 2937.188 2948.228 2960.824 2976.086 2991.018 2999.441 2999.204 2990.98 2979.599 2971.94 2968.738 2966.176 2966.346 2969.58
2636.024 2635.819 2640.882 2650.323 2658.719 2667.586 2669.923 2671.349 2675.565 2682.29 2688.35 2696.325 2704.06 2708.503 2711.823 2715.016 2718.696 2720.946 2723.005 2725.922 2729.964 2733.707 2740.617 2748.843 2758.424 2768.526 2776.952 2781.977 2787.272 2789.133 2793.122 2799.245 2804.383 2809.759 2815.23 2818.904 2823.264 2828.704 2833.404 2839.212 2847.012 2854.483 2862.558 2868.324 2874.44 2883.095 2889.895 2900.825 2912.455 2924.1 2937.208 2953.334 2969.594 2981.015 2984.777 2981.413 2973.072 2962.427 2952.661 2946.659 2943.665 2943.862 2948.636
2657.66 2657.319 2663.635 2671.412 2678.099 2686.134 2689.79 2692.168 2696.057 2699.764 2705.462 2714.158 2721.049 2726.506 2729.282 2729.579 2727.355 2725.564 2725.551 2724.981 2724.839 2726.799 2733.847 2743.228 2753.567 2764.124 2770.873 2774.086 2778.91 2781.856 2785.93 2789.658 2793.486 2795.38 2798.554 2801.303 2805.183 2810.056 2815.741 2824.036 2832.274 2838.67 2845.545 2850.939 2858.217 2868.229 2876.518 2889.389 2902.642 2916.921 2933.176 2950.975 2965.414 2972.156 2970.596 2962.73 2953.931 2945.167 2934.622 2926.218 2922.88 2923.719 2929.89
2680.937 2680.883 2686.865 2692.217 2694.989 2696.433 2697.369 2701.77 2705.384 2708.476 2712.87 2719.352 2723.708 2726.522 2727.608 2726.805 2721.451 2717.398 2714.777 2711.483 2708.594 2710.189 2718.295 2730.375 2741.33 2750.476 2755.156 2757.834 2761.925 2766.213 2770.756 2774.36 2777.941 2780.619 2783.032 2784.227 2787.639 2792.618 2798.286 2806.388 2813.975 2820.999 2828.699 2836.302 2846.888 2859.469 2870.484 2884.549 2899.443 2915.058 2932.232 2948.676 2960.535 2961.467 2954.605 2946.907 2938.11 2930.123 2918.942 2908.748 2903.535 2904.338 2911.157
2697.823 2698.709 2701.134 2699.596 2696.577 2692.665 2691.483 2695.147 2699.662 2703.946 2706.74 2708.679 2710.586 2712.308 2711.361 2709.806 2707.904 2704.84 2699.884 2691.17 2688.251 2693.766 2704.409 2718.99 2729.537 2735.896 2737.645 2740.119 2744.711 2748.795 2754.566 2757.868 2761.2 2764.1 2763.978 2764.436 2766.051 2770.731 2778.772 2787.643 2795.257 2803.698 2813.722 2823.732 2837.901 2853.047 2867.305 2883.542 2900.053 2917.546 2932.542 2943.131 2948.107 2941.216 2931.578 2927.287 2921.805 2915.091 2903.682 2893.153 2884.479 2883.221 2890.734
2699.641 2701.083 2700.386 2691.348 2682.115 2677.771 2678.721 2682.523 2688.36 2689.713 2689.539 2691.262 2691.832 2694.102 2692.655 2689.966 2689.483 2687.507 2682.287 2672.451 2672.321 2681.207 2695.528 2709.886 2718.231 2721.732 2720.588 2722.138 2727.546 2732.491 2738.842 2742.772 2744.067 2743.82 2742.21 2741.992 2743.112 2750.675 2762.167 2773.051 2780.62 2788.86 2800.962 2813.124 2831.262 2849.677 2866.121 2884.622 2902.51 2920.863 2931.876 2936.566 2930.959 2918.925 2910.132 2906.08 2904.297 2899.744 2889.343 2878.237 2868.63 2866.447 2872.542
2685.883 2682.061 2679.059 2670.168 2661.544 2657.656 2662.583 2668.632 2678.337 2680.039 2676.259 2672.929 2671.938 2674.465 2673.297 2668.575 2665.575 2663.375 2660.852 2657.116 2660.662 2671.146 2684.973 2697.576 2704.896 2705.076 2702.527 2704.963 2710.859 2715.936 2720.954 2723.413 2723.978 2720.986 2720.364 2723.301 2728.722 2738.198 2750.317 2761.849 2771.295 2782.605 2799.498 2814.36 2833.65 2853.185 2871.421 2888.884 2907.177 2922.726 2926.785 2922.749 2910.51 2897.521 2889.552 2883.102 2881.037 2880.015 2872.164 2861.997 2854.508 2849.907 2853.566
2664.448 2658.978 2653.193 2645.211 2640.8 2638.909 2645.372 2653.071 2664.857 2672.302 2668.215 2656.715 2653.737 2655.419 2652.545 2646.217 2640.985 2637.354 2638.307 2639.094 2645.401 2655.336 2669.402 2681.156 2686.342 2685.737 2680.834 2683.629 2690.977 2695.178 2700.966 2701.032 2703.82 2707.884 2717.294 2726.341 2734.382 2741.324 2751.12 2762.839 2774.908 2790.651 2810.763 2825.523 2843.078 2860.932 2878.953 2894.969 2910.598 2921.512 2919.536 2908.637 2892.725 2878.142 2868.266 2860.327 2857.529 2859.007 2857.154 2848.483 2840.977 2836.26 2838.455
2643.486 2638.347 2630.675 2623.461 2620.901 2622.185 2628.83 2639.006 2652.8 2662.864 2659.746 2645.965 2637.907 2637.151 2633.324 2627.006 2621.528 2620.424 2622.81 2625.71 2630.397 2636.777 2648.785 2659.718 2663.378 2662.612 2661.147 2665.292 2673.105 2678.882 2685.07 2688.221 2697.033 2708.995 2724.279 2736.779 2747.685 2756.666 2766.252 2777.325 2789.97 2807.083 2825.866 2839.613 2854.495 2868.776 2883.606 2898.776 2911.044 2917.096 2912.386 2898.209 2880.629 2864.619 2853.425 2843.118 2839.93 2842.586 2843.948 2836.166 2827.896 2824.54 2827.749
2619.57 2614.065 2607.573 2602.685 2600.954 2604.096 2613.158 2625.574 2640.059 2649.529 2649.582 2638.215 2625.65 2620.319 2616.896 2614.328 2615.032 2620.36 2624.936 2626.532 2630.321 2631.407 2636.275 2642.955 2647.592 2651.025 2657.549 2666.57 2671.703 2676.703 2684.132 2691.574 2704.73 2720.376 2733.785 2745.184 2758.001 2771.056 2783.384 2795.949 2809.148 2824.079 2839.133 2851.445 2864.815 2877.248 2889.793 2901.49 2909.207 2910.282 2902.895 2888.408 2872.131 2855.553 2843.145 2828.695 2823.644 2826.458 2829.362 2824.092 2814.137 2810.52 2814.768
2595.346 2590.469 2586.183 2583.628 2582.94 2588.409 2599.62 2612.083 2624.037 2632.01 2634.732 2627.056 2615.583 2608.648 2608.065 2612.952 2623.456 2633.941 2639.956 2642.175 2645.724 2641.358 2642.118 2645.761 2649.527 2657.874 2669.484 2681.498 2686.179 2690.251 2699.552 2709.563 2721.685 2736.876 2748.262 2757.638 2769.153 2782.19 2794.748 2808.012 2822.941 2837.205 2850.142 2860.786 2871.527 2883.016 2892.141 2898.3 2901.058 2899.11 2890.713 2877.97 2863.257 2847.365 2833.447 2816.373 2807.142 2809.207 2814.511 2810.193 2798.907 2795.697 2802.611
2573.11 2569.501 2566.766 2565.041 2566.16 2573.35 2584.269 2594.666 2603.859 2611.413 2615.097 2610.778 2604.284 2603.252 2610.153 2620.191 2634.266 2646.083 2652.799 2659.294 2661.633 2655.199 2656.075 2660.133 2664.97 2674.37 2685.743 2695.469 2701.452 2705.424 2715.824 2729.448 2741.257 2753.59 2764.067 2773.12 2784.115 2795.007 2807.015 2820.04 2833.961 2846.913 2858.458 2867.935 2875.068 2882.41 2885.171 2886.652 2886.406 2883.958 2877.974 2867.105 2853.198 2838.023 2823.432 2807.187 2794.205 2794.535 2799.622 2796.439 2786.306 2783.835 2792.135
2550.617 2548.282 2545.692 2543.096 2546.452 2555.314 2564.377 2572.91 2580.801 2588.52 2593.842 2596.078 2598.836 2607.038 2620.338 2631.613 2643.816 2655.163 2662.206 2671.56 2677.841 2673.503 2672.819 2677.306 2684.443 2693.244 2702.275 2710.411 2719.341 2722.24 2729.715 2742.416 2755.542 2769.469 2780.406 2790.102 2801.717 2811.67 2823.065 2835.797 2847.319 2857.174 2864.943 2869.948 2872.131 2872.377 2871.234 2872.513 2872.779 2870.681 2866.469 2858.444 2845.242 2829.054 2812.711 2796.361 2782.4 2779.283 2783.338 2784.715 2777.143 2774.891 2782.839
2527.878 2526.646 2527.523 2529.636 2535.188 2543.879 2553.105 2561.277 2570.05 2576.876 2582.126 2591.207 2604.209 2617.81 2632.485 2644.146 2654.749 2664.216 2672.965 2684.481 2695.875 2694.214 2690.154 2692.265 2700.765 2710.019 2718.534 2728.767 2738.924 2741.883 2744.773 2752.483 2764.355 2781.602 2794.568 2806.263 2818.888 2828.966 2839.672 2851.154 2861.001 2868.094 2870.759 2867.872 2862.072 2855.882 2854.226 2857.988 2860.434 2860.943 2859.415 2854.26 2842.172 2825.28 2807.181 2789.311 2774.835 2767.471 2770.323 2776.169 2770.165 2766.771 2773.417
2508.919 2513.069 2522.912 2534.073 2543.975 2553.161 2564.291 2571.517 2580.996 2587.64 2592.297 2599.699 2612.572 2627.699 2642.397 2654.198 2665.96 2676.653 2687.117 2698.539 2710.595 2711.926 2706.93 2707.51 2716.296 2725.989 2735.464 2746.557 2756.317 2761.177 2762.023 2764.312 2774.65 2790.763 2804.661 2819.763 2833.795 2844.863 2855.236 2864.956 2872.053 2875.817 2874.702 2863.082 2851.81 2842.475 2839.005 2841.582 2845.817 2850.569 2854.899 2853.576 2842.883 2826.206 2808.936 2790.793 2774.122 2761.317 2760.893 2768.112 2762.352 2757.179 2761.992
2502.33 2514.246 2530.636 2547.588 2562.108 2575.43 2588.638 2595.266 2603.371 2610.625 2615.818 2617.747 2622.198 2634.786 2651.265 2664.026 2677.133 2691.86 2703.712 2713.976 2724.446 2728.383 2724.816 2724.63 2732.984 2743.577 2753.99 2764.838 2773.225 2780.057 2782.856 2784.283 2790.443 2802.176 2814.586 2829.905 2845.732 2858.243 2867.56 2873.398 2874.589 2873.032 2869.274 2855.373 2843.182 2832.887 2826.816 2825.781 2830.747 2838.619 2847.951 2851.431 2842.306 2826.947 2811.349 2792.673 2774.002 2757.581 2750.866 2756.211 2752.197 2747.888 2752.217
2508.801 2524.472 2542.393 2560.744 2576.798 2594.549 2611.482 2618.881 2626.252 2633.541 2638.737 2639.016 2637.493 2644.78 2660.264 2673.656 2687.074 2704.519 2718.704 2730.223 2738.744 2743.052 2741.95 2741.089 2748.117 2760.662 2771.927 2782.198 2790.533 2798.242 2803.786 2806.287 2809.665 2816.724 2826.174 2838.516 2854.249 2865.999 2870.235 2868.817 2863.628 2860.37 2855.378 2845.328 2833.613 2823.43 2814.744 2811.622 2818.67 2828.724 2840.102 2845.922 2838.835 2825.198 2811.142 2791.992 2771.07 2755.303 2743.754 2744.714 2742.265 2741.191 2747.582
2522.833 2538.941 2556.551 2574.659 2590.518 2610.411 2627.99 2639.5 2650.4 2658.34 2661.91 2661.253 2658.926 2662.545 2672.103 2682.898 2695.492 2712.052 2728.371 2742.915 2751.831 2757.858 2760.834 2760.921 2764.837 2775.827 2788.064 2798.408 2807.718 2816.188 2822.883 2826.149 2829.307 2833.798 2841.804 2851.829 2862.604 2868.801 2864.57 2854.837 2845.591 2841.36 2836.771 2831.944 2824.043 2814.641 2803.249 2797.643 2806.518 2819.469 2831.99 2838.825 2834.026 2822.393 2808.938 2790.7 2769.193 2753.874 2738.806 2734.58 2733.65 2737.595 2747.861
2531.385 2549.094 2567.706 2586.329 2603.23 2624.423 2642.601 2657.769 2671.107 2680.351 2684.326 2683.615 2681.318 2682.574 2686.683 2695.867 2705.356 2718.481 2734.034 2752.974 2765.099 2773.112 2780.883 2782.922 2784.056 2791.396 2804.33 2815.586 2825.071 2833.786 2842.333 2846.74 2849.516 2854.4 2861.646 2868.992 2870.525 2866.609 2855.375 2841.46 2831.17 2823.88 2819.513 2816.909 2812.671 2805.545 2793.653 2786.556 2794.796 2809.266 2824.306 2831.606 2829.163 2819.277 2803.329 2788.468 2768.844 2751.379 2732.582 2724.291 2727.329 2737.072 2751.105
2535.334 2551.956 2571 2590.17 2607.205 2628.177 2648.677 2666.244 2682.342 2696.195 2704.17 2705.839 2703.46 2703.219 2704.712 2711.673 2717.03 2726.905 2740.24 2756.335 2769.376 2780.885 2794.132 2799.323 2802.385 2807.307 2816.419 2829.622 2841.766 2850.541 2860.536 2867.413 2870.903 2873.324 2875.896 2876.241 2869.25 2857.905 2844.568 2831.129 2820.401 2809.244 2801.897 2800.258 2800.336 2795.134 2784.537 2778.696 2786.445 2801.372 2817.565 2825.963 2826.007 2815.396 2797.951 2783.571 2766.011 2748.979 2730.75 2718.74 2722.697 2737.087 2754.37
2543.596 2559.206 2576.683 2595.483 2612.5 2633.033 2652.006 2668.993 2686.871 2704.132 2717.739 2725.379 2726.583 2725.619 2724.855 2729.973 2734.239 2741.866 2753.885 2765.358 2776.883 2789.446 2805.079 2816.134 2822.102 2826.74 2831.33 2842.438 2856.501 2866.917 2877.848 2885.362 2885.168 2880.751 2875.939 2870.345 2858.005 2843.401 2832.949 2823.432 2811.719 2796.604 2785.277 2781.984 2785.038 2780.903 2773.232 2770.841 2779.795 2795.052 2811.606 2821.738 2823.315 2811.373 2795.361 2779.128 2761.81 2746.21 2728.421 2716.013 2719.517 2735.067 2752.771
2554.275 2567.612 2583.552 2602.948 2621.755 2641.421 2659.12 2675.187 2692.723 2709.615 2724.501 2739.026 2746.748 2747.688 2745.862 2748.642 2755.53 2761.276 2769.81 2781.395 2792.415 2803.196 2816.619 2829.631 2839.264 2845.91 2848.978 2855.722 2868.443 2880.204 2889.629 2893.096 2888.62 2877.101 2866.982 2858.093 2844.919 2831.794 2823.378 2816.716 2805.97 2790.175 2775.498 2767.033 2766.61 2764.335 2760.027 2762.144 2773.787 2790.481 2807.197 2816.206 2817.042 2806.649 2793.855 2777.073 2758.306 2743.987 2724.601 2712.797 2716.222 2731.525 2748.565
2569.543 2578.505 2590.483 2607.153 2624.9 2643.376 2661.856 2678.859 2696.45 2712.953 2728.301 2747.112 2760.766 2766.067 2766.396 2767.462 2774.728 2781.067 2785.612 2796.48 2808.476 2818.34 2829.94 2841.308 2852.342 2860.869 2864.498 2868.93 2879.313 2889.54 2894.995 2893.688 2885.031 2867.882 2853.494 2843.311 2831.657 2820.737 2814.286 2808.872 2799.063 2785.691 2769.625 2758.38 2752.412 2748.174 2746.728 2754.376 2769.51 2787.521 2803.526 2810.914 2810.383 2802.315 2790.657 2774.411 2755.092 2741.136 2721.468 2708.363 2711.355 2727.824 2745.349
2587.797 2595.666 2604.434 2615.863 2628.232 2644.252 2663.401 2680.317 2698.525 2715.584 2732.104 2751.777 2768.902 2780.3 2786.122 2787.826 2793.267 2800.06 2804.948 2813.369 2824.712 2834.91 2846.415 2856.728 2866.919 2876.226 2881.183 2885.809 2892.473 2897.791 2896.786 2888.012 2876.984 2859.872 2843.468 2831.289 2817.772 2806.5 2800.184 2796.677 2789.923 2780.515 2765.308 2752.295 2740.53 2734.196 2737.07 2749.444 2766.021 2783.705 2798.769 2807.424 2807.523 2799.055 2786.715 2769.809 2751.792 2736.715 2717.269 2702.86 2705.99 2723.171 2742.127
2597.518 2608.845 2619.52 2630.919 2639.689 2650.756 2667.091 2684.705 2702.372 2719.055 2735.113 2754.302 2771.491 2785.853 2798.796 2805.55 2811.016 2818.019 2825.198 2832.759 2841.221 2850.999 2863.41 2873.894 2883.276 2892.877 2899.42 2903.463 2905.548 2903.18 2892.487 2875.702 2867.895 2853.552 2837.274 2824.256 2808.375 2793.948 2785.115 2782.544 2778.79 2772.598 2759.74 2746.673 2731.047 2723.088 2729.086 2744.731 2761.445 2777.632 2791.993 2803.228 2806.325 2797.846 2783.627 2765.393 2747.945 2731.628 2711.833 2697.757 2702.172 2718.982 2739.498
2595.247 2610.566 2625.825 2641.53 2652.757 2662.865 2675.638 2691.943 2707.815 2723.251 2737.724 2755.584 2771.362 2786.435 2804.337 2816.768 2825.778 2835.056 2843.946 2851.903 2858.81 2867.822 2880.091 2890.988 2900.768 2910.311 2916.687 2917.906 2913.229 2901.255 2882.964 2863.84 2857.724 2844.295 2829.494 2817.271 2802.279 2787.131 2775.145 2768.484 2763.334 2759.134 2750.862 2739.454 2723.235 2713.966 2721.248 2737.86 2754.481 2768.387 2781.358 2794.363 2801.393 2795.469 2779.808 2759.925 2742.957 2726.91 2706.015 2693.878 2699.911 2716.958 2736.943
