Sample_DEM.asc
ncols         410
nrows         333
xllcorner     51.1378872396
yllcorner     35.9197467013
cellsize      0.0003
nodata_value  -9999.0
[rows 168 to 195 of 333, columns 63 to 125 of 410]
2729.06 2719.678 2724.699 2733.118 2741.034 2738.753 2728.424 2723.956 2724.458 2723.342 2721.677 2723.425 2732.428 2746.298 2764.815 2782.596 2800.015 2814.1 2819.854 2821.535 2821.422 2822.986 2825.379 2834.592 2845.398 2858.631 2873.548 2888.522 2894.058 2890.163 2879.545 2867.738 2858.879 2852.459 2850.99 2852.229 2845.754 2832.407 2814.812 2796.994 2786.601 2784.785 2786.822 2787.187 2775.393 2758.131 2745.172 2735.458 2730.205 2720.185 2705.281 2689.187 2671.853 2656.585 2650.086 2652.3 2652.453 2646.085 2644.538 2645.037 2641.619 2639.496 2639.231
2721.511 2708.081 2706.734 2713.821 2722.471 2721.277 2711.39 2706.413 2704.235 2704.202 2706.253 2715.278 2729.669 2745.653 2765.179 2780.909 2791.994 2796.946 2799.352 2799.569 2798.881 2803.253 2808.687 2818.821 2830.787 2844.414 2858.211 2873.251 2885.737 2888.562 2883.751 2877.548 2872.085 2867.518 2866.926 2863.056 2851.8 2837.305 2820.647 2805.497 2798.796 2801.615 2805.266 2801.673 2786.977 2771.44 2760.068 2752.865 2745.023 2731.428 2713.382 2695.418 2677.482 2663.243 2661.175 2668.815 2671.31 2665.877 2668.348 2669.443 2666.562 2663.213 2662.704
2717.547 2701.477 2693.397 2697.282 2705.529 2705.082 2695.121 2689.1 2687.221 2690.41 2697.515 2713.327 2731.131 2748.068 2763.648 2772.216 2775.9 2775.785 2776.76 2779.482 2780.47 2785.613 2793.334 2804.358 2817.434 2831.747 2844.75 2859.871 2878.932 2888.603 2890.918 2889.634 2886.268 2882.736 2879.393 2871.098 2857.202 2842.458 2828.063 2816.429 2813.531 2817.565 2818.252 2810.441 2796.108 2784.066 2774.593 2766.562 2753.887 2737.938 2719.254 2701.457 2683.661 2674.287 2678.974 2688.691 2690.348 2685.229 2690.609 2691.405 2687.143 2683.079 2682.616
2715.735 2699.521 2685.251 2682.405 2688.305 2687.847 2677.138 2670.719 2672.761 2683.203 2696.791 2715.998 2732.74 2745.618 2752.015 2753.298 2753.634 2753.423 2755.417 2760.016 2762.367 2768.031 2778.141 2791.152 2805.258 2820.879 2834.644 2850.263 2868.655 2881.981 2892.623 2899.222 2899.543 2897.461 2891.234 2879.781 2864.566 2850.468 2838.773 2831.337 2830.917 2833.674 2829.516 2819.952 2806.118 2795.313 2784.985 2772.053 2753.467 2735.598 2717.59 2701.675 2688.985 2689.438 2699.282 2708.148 2707.637 2705.454 2710.968 2712.279 2708.353 2704.872 2702.665
2710.775 2696.869 2680.605 2669.325 2670.061 2669.431 2658.844 2655.409 2664.406 2681.612 2698.778 2715.85 2727.842 2733.74 2733.861 2731.964 2730.574 2733.07 2737.021 2741.2 2744.41 2753.383 2765.708 2780.369 2795.937 2812.415 2826.595 2841.331 2855.698 2869.388 2886.366 2900.626 2908.381 2908.912 2901.932 2889.568 2874.804 2862.507 2853.231 2848.507 2849.757 2849.671 2841.242 2829.694 2814.516 2800.215 2786.639 2768.83 2748.709 2732.601 2716.711 2703.08 2697 2704.975 2717.304 2726.257 2725.56 2724.653 2729.592 2733.226 2732.279 2729.286 2724.828
2701.785 2691.15 2674.725 2658.639 2651.778 2650.31 2644.646 2646.191 2660.012 2679.337 2696.083 2707.832 2714.734 2716.159 2714.107 2711.152 2709.097 2713.451 2718.348 2723.543 2729.488 2741.498 2756.389 2771.997 2787.46 2803.626 2817.893 2832.554 2847.327 2862.773 2879.282 2894.22 2910.203 2916.728 2912.504 2901.603 2888.857 2878.206 2869.741 2864.384 2864.77 2861.892 2850.795 2836.767 2820.038 2801.657 2785.275 2767.141 2751.588 2738.899 2723.194 2711.388 2709.555 2720.261 2734.244 2744.099 2745.052 2743.894 2747.716 2755.216 2755.063 2749.813 2743.43
2687.867 2681.175 2666.417 2649.949 2635.904 2631.664 2632.675 2638.813 2655.614 2673.272 2686.135 2691.961 2694.782 2694.328 2691.88 2688.711 2688.788 2694.773 2701.61 2710.243 2720.356 2733.014 2749.182 2765.315 2779.943 2796.392 2812.031 2827.754 2844.627 2861.102 2876.891 2890.968 2908.319 2923.974 2925.232 2917.666 2907.272 2897.356 2889.614 2883.956 2880.379 2873.663 2860.083 2844.286 2826.594 2805.946 2788.987 2775.841 2766.273 2753.561 2735.136 2724.354 2726.547 2736.688 2750.052 2760.139 2765.199 2764.681 2766.354 2775.181 2775.275 2768.131 2759.941
2669.771 2665.801 2655.918 2640.862 2624.589 2616.463 2620.94 2631.875 2650.83 2663.678 2670.68 2673.045 2673.227 2671.166 2668.793 2668.776 2674.19 2682.98 2692.278 2704.316 2716.803 2729.971 2746.535 2761.927 2776.526 2793.07 2809.256 2825.851 2843.741 2859.138 2875.176 2891.749 2907.478 2928.328 2936.595 2934.267 2925.847 2916.568 2910.472 2904.694 2896.417 2884.441 2867.681 2849.786 2831.961 2812.717 2799.857 2793.324 2784.825 2769.253 2749.793 2740.113 2744.796 2752.672 2762.753 2773.736 2783.281 2783.501 2784.322 2792.141 2791.319 2783.467 2775.364
2651.004 2646.952 2640.857 2628.815 2613.291 2604.67 2612.714 2627.111 2641.708 2647.159 2648.749 2650.404 2650.992 2649.35 2650.399 2657.152 2668.078 2679.756 2691.865 2705.51 2718.548 2732.639 2749.498 2764.272 2778.711 2795.213 2810.731 2826.549 2843.909 2858.672 2874.11 2891.265 2906.75 2927.721 2942.834 2948.001 2944.353 2936.27 2929.045 2919.687 2907.594 2891.423 2872.193 2853.845 2838.016 2826.486 2819.935 2813.751 2801.661 2784.535 2766.225 2758.62 2765.185 2771.73 2775.481 2786.841 2798.01 2800.021 2802.37 2808.372 2807.22 2801.069 2793.155
2632.601 2627.695 2623.197 2614.098 2601.564 2595.933 2602.814 2614.643 2621.46 2625.059 2624.953 2627.909 2632.347 2636.412 2643.861 2654.813 2667.568 2682.289 2696.765 2711.369 2725.459 2739.343 2755.381 2770.334 2784.62 2800.658 2815.498 2830.412 2846.71 2860.474 2876.243 2894.269 2909.297 2928.429 2945.645 2956.993 2960.079 2955.344 2945.127 2930.562 2915.382 2898.183 2879.704 2864.112 2854.295 2848.933 2842.761 2830.775 2815.19 2800.094 2785.596 2780.519 2788.719 2795.801 2794.283 2801.634 2812.31 2818.841 2822.982 2828.329 2828.864 2823.507 2814.224
2614.584 2609.768 2607.012 2598.958 2590.55 2587.71 2591.473 2597.952 2602.696 2610.602 2616.672 2624.414 2632.225 2641.192 2651.801 2660.685 2671.352 2684.117 2697.762 2714.411 2728.164 2741.601 2756.838 2771.321 2784.97 2800.294 2815.225 2830.975 2848.145 2862.526 2879.018 2897.438 2913.776 2932.2 2950.143 2964.576 2972.926 2970.059 2957.569 2940.086 2923.819 2907.426 2892.696 2882.12 2876.513 2870.601 2858.955 2842.477 2827.542 2816.207 2805.299 2802.575 2810.838 2818.514 2816.428 2815.9 2825.481 2834.165 2841.69 2847.464 2847.975 2843.556 2835.903
2597.711 2593.008 2589.707 2581.279 2576.078 2577.958 2584.356 2593.19 2604.771 2617.047 2626.16 2637.018 2646.509 2656.393 2667.636 2675.706 2682.277 2688.953 2699.213 2712.966 2727.001 2738.598 2752.888 2766.746 2780.405 2795.149 2809.936 2825.869 2842.124 2858.258 2875.904 2894.237 2909.138 2928.751 2948.078 2965.303 2978.838 2979.117 2967.739 2951.45 2937.273 2922.944 2910.881 2903.82 2900.284 2888.079 2871.542 2856.259 2845.837 2834.678 2823.388 2822.233 2831.205 2840.672 2840.701 2835.821 2839.744 2849.075 2859.999 2866.01 2866.832 2862.809 2858.06
2578.893 2574.326 2571.686 2568.834 2570.792 2578.292 2587.459 2597.346 2609.619 2619.169 2627.599 2640.406 2652.838 2664.833 2678.65 2688.433 2696.762 2704.495 2711.01 2719.52 2731.273 2741.75 2755.036 2768.614 2782.068 2796.292 2810.47 2825.425 2839.707 2854.963 2871.126 2889.145 2903.816 2921.299 2938.819 2956.733 2974.73 2983.758 2979.104 2966.595 2954.813 2942.386 2932.209 2925.945 2917.691 2900.66 2886.259 2876.434 2866.415 2853.696 2842.698 2841.883 2851.34 2862.797 2866.231 2858.96 2856.586 2865.775 2877.756 2884.63 2887.305 2884.384 2880.697
2559.303 2559.86 2563.105 2570.88 2581.244 2593.159 2602.391 2607.326 2615.977 2623.622 2629.884 2640.044 2652.26 2665.302 2680.275 2692.15 2703.009 2715.477 2723.433 2732.84 2742.759 2753.37 2765.587 2778.17 2790.577 2804.893 2818.032 2831.447 2845.329 2858.822 2874.048 2890.568 2904.359 2919.677 2934.72 2950.685 2968.866 2982.771 2986.769 2980.664 2971.083 2960.865 2951.716 2942.454 2929.076 2914.161 2903.92 2895.667 2884.013 2871.431 2861.192 2860.635 2870.816 2882.395 2888.033 2882.233 2876.347 2881.758 2892.975 2902.056 2907.332 2906.951 2903.994
2551.607 2559.455 2570.483 2583.33 2598.466 2613.047 2622.568 2625.464 2632.639 2640.252 2645.489 2650.748 2657.249 2666.197 2677.734 2688.874 2700.901 2713.976 2725.365 2737.394 2749.626 2760.565 2774.092 2786.976 2800.401 2815.171 2827.853 2840.313 2854.37 2866.662 2880.502 2894.347 2906.523 2921.048 2931.758 2942.509 2956.188 2968.317 2979.412 2985.886 2984.434 2978.154 2969.222 2957.478 2944.141 2932.219 2923.736 2913.717 2902.317 2890.604 2880.252 2879.41 2887.963 2899.594 2907.092 2908.684 2901.667 2901.469 2909.956 2919.465 2926.026 2928.2 2925.515
2560.557 2571.929 2583.826 2597.699 2612.523 2626.953 2639.945 2645.438 2651.896 2659.753 2665.77 2670.525 2674.211 2679.42 2686.922 2694.351 2704.194 2715.6 2726.794 2740.2 2753.432 2764.543 2778.249 2790.899 2803.661 2818.809 2831.507 2842.476 2856.448 2868.192 2880.534 2889.849 2899.948 2912.713 2918.942 2926.084 2936.793 2948.512 2961.249 2976.212 2986.816 2990.005 2984.333 2973.88 2964.148 2953.252 2943.121 2931.703 2919.941 2909.644 2901.043 2899.637 2905.31 2917.536 2926.359 2932.981 2926.662 2921.57 2927.521 2936.389 2943.599 2950.312 2947.891
2575.341 2587.887 2597.88 2610.456 2623.17 2636.45 2651.133 2658.32 2666.428 2675.142 2681.852 2688.571 2693.125 2697.627 2704.069 2710.126 2717.618 2727.819 2737.406 2749.247 2760.535 2770.167 2781.682 2792.541 2801.836 2814.279 2824.531 2833.863 2846.133 2855.771 2866.595 2872.851 2880.973 2890.601 2898.625 2908.732 2918.432 2929.025 2940.882 2956.578 2973.439 2986.528 2990.492 2988.368 2984.107 2973.312 2961.95 2949.35 2937.62 2928.259 2922.828 2920.555 2923.05 2934.095 2942.779 2951.001 2948.513 2942.021 2943.627 2950.08 2959.608 2970.744 2969.321
2585.008 2598.886 2610.934 2623.893 2635.018 2646.174 2658.013 2665.146 2674.704 2680.393 2685.399 2694.563 2702.344 2708.71 2715.684 2721.951 2727.707 2734.913 2741.968 2749.454 2759.141 2767.752 2778.315 2788.174 2794.817 2802.829 2809.975 2818.182 2828.097 2834.762 2843.166 2850.691 2858.369 2867.792 2878.798 2890.22 2899.935 2909.588 2920.945 2936.512 2952.835 2970.365 2984.537 2993.438 3000.267 2993.548 2982.681 2970.726 2958.519 2949.199 2944.766 2941.5 2942.255 2949.817 2957.666 2967.866 2970.984 2966.404 2963.248 2966.352 2979.026 2990.993 2988.556
2587.939 2602.626 2617.65 2633.09 2643.063 2649.219 2657.777 2664.421 2670.057 2671.951 2675.407 2685.391 2695.024 2702.084 2708.747 2715.173 2719.662 2724.44 2729.001 2733.056 2742.176 2752.664 2764.324 2774.955 2781.364 2786.933 2792.804 2802.23 2811.32 2815.668 2822.515 2830.924 2838.705 2848.972 2860.302 2870.036 2880.801 2893.408 2906.234 2921.33 2936.067 2955.274 2974.084 2988.286 3004.856 3009.654 3002.379 2992.541 2980.532 2971.76 2966.64 2962.991 2963.267 2967.311 2974.495 2985.218 2991.996 2989.819 2986.112 2987.49 3000.57 3011.598 3007.941
2591.336 2605.097 2618.827 2632.068 2639.531 2641.311 2646.932 2652.538 2654.773 2656.671 2661.531 2669.505 2676.905 2682.522 2687.85 2693.99 2699.301 2703.645 2706.391 2711.166 2721.535 2734.233 2746.181 2756.544 2763.857 2768.97 2774.247 2782.876 2792.395 2797.244 2803.469 2811.209 2820.209 2831.021 2842.702 2852.309 2863.745 2878.108 2892.619 2909.235 2924.85 2944.756 2964.918 2980.724 2999.468 3014.449 3018.098 3012.998 3002.359 2995.786 2991.398 2987.367 2986.089 2987.99 2994.338 3004.385 3013.208 3013.14 3009.543 3009.952 3021.073 3030.136 3026.778
2594.396 2604.479 2613.193 2620.257 2625.187 2627.171 2630.355 2634.355 2636.602 2640.661 2646.067 2651.676 2657.497 2662.047 2666.325 2671.451 2677.433 2681.125 2682.741 2690.654 2703.821 2717.097 2727.24 2735.76 2742.542 2748.09 2753.985 2760.154 2768.441 2775.394 2782.275 2790.22 2799.185 2810.341 2823.813 2836.027 2848.477 2863.002 2879.839 2899.329 2916.914 2936.395 2955.605 2972.717 2992.001 3010.37 3025.127 3031.627 3026.951 3022.579 3017.688 3012.771 3009.316 3010.126 3015.789 3026.114 3036.308 3039.267 3035.496 3033.376 3040.62 3047.689 3045.137
2590.205 2597.061 2601.43 2604.992 2608.625 2611.238 2614.026 2616.838 2620.384 2625.454 2630.166 2634.503 2638.94 2642.988 2648.106 2652.776 2657.743 2660.668 2663.403 2674.365 2688.852 2700.479 2708.551 2715.764 2721.122 2728.023 2734.665 2739.153 2745.834 2752.674 2761.365 2770.966 2781.3 2794.523 2809.569 2825.124 2840.206 2856.178 2874.95 2894.51 2912.311 2930.858 2949.198 2966.787 2986.333 3005.341 3024.278 3041.296 3045.621 3044.301 3040.076 3034.248 3030.026 3031.993 3037.945 3047.336 3056.424 3062.21 3060.157 3056.402 3060.971 3065.271 3061.552
2577.392 2583.344 2586.045 2588.785 2592.976 2595.627 2598.702 2601.621 2605.225 2609.003 2612.241 2616.098 2618.613 2622.098 2628.069 2633.584 2638.12 2642.254 2648.48 2660.723 2671.431 2680.9 2689.016 2696.332 2701.297 2707.573 2713.826 2718.273 2724.248 2731.566 2743.615 2755.62 2771.096 2789.752 2806.256 2823.249 2841.105 2858.288 2876.128 2894.117 2910.299 2927.88 2945.677 2963.615 2981.336 3000.4 3018.346 3037.837 3050.399 3056.094 3057.623 3055.704 3055.087 3057.276 3061.467 3069.016 3075.715 3080.333 3080.226 3080.889 3085.979 3086.601 3080.178
2558.551 2563.779 2566.771 2570.704 2575.3 2579.588 2582.334 2585.514 2588.607 2590.312 2591.676 2594.383 2596.424 2599.331 2605.552 2612.28 2617.119 2624.33 2633.277 2643.33 2651.313 2659.441 2667.827 2675.395 2680.958 2686.088 2691.605 2698.547 2709.76 2721.823 2739.561 2754.905 2771.776 2790.952 2807.885 2823.993 2841.102 2857.464 2873.998 2890.522 2905.35 2922.033 2939.929 2955.87 2972.266 2991.169 3007.509 3026.47 3044.346 3056.687 3063.889 3067.727 3071.804 3077.044 3082.457 3089.658 3094.767 3099.827 3100.251 3102.213 3105.252 3104.539 3099.306
2536.645 2540.551 2545.534 2551.394 2557.27 2562.085 2564.569 2566.621 2569.842 2572.561 2575.246 2577.585 2580.804 2584.892 2589.49 2594.921 2601.078 2608.342 2615.799 2624.258 2631.739 2639.195 2648.789 2657.312 2664.103 2671.803 2682.17 2695.794 2711.609 2727.123 2745.04 2758.892 2772.973 2787.864 2802.403 2815.761 2831.49 2846.973 2863.252 2880.412 2895.885 2912.516 2930.658 2946.02 2963 2983.159 3000.079 3017.363 3032.229 3045.001 3053.8 3060.837 3068.994 3078.357 3086.63 3095.491 3103.562 3104.475 3103.654 3102.542 3101.583 3102.286 3101.911
2524.325 2528.542 2535.564 2541.332 2545.109 2548.527 2551.398 2555.705 2562.508 2568.352 2572.708 2578.29 2585.732 2590.807 2594.624 2597.901 2602.533 2608.446 2612.685 2618.294 2624.354 2631.665 2639.728 2647.708 2656.182 2667.524 2681.031 2694.932 2710.099 2725.084 2738.56 2750.104 2762.015 2776.005 2789.957 2803.623 2820.228 2836.581 2853.937 2872.833 2889.761 2907.515 2926.938 2943.281 2961.997 2980.373 2994.396 3006.954 3016.371 3024.063 3032.669 3042.29 3051.841 3060.471 3069.278 3080.423 3091.179 3088.59 3084.141 3080.692 3077.865 3079.195 3082.094
2531.45 2537.367 2546.568 2554.162 2555.977 2557.129 2559.345 2566.174 2576.002 2583.684 2589.302 2595.544 2604.053 2610.13 2614.849 2617.792 2620.341 2623.839 2628.558 2633.033 2637.397 2644.529 2652.533 2659.676 2668.103 2676.933 2684.244 2693.737 2705.573 2718.936 2731.885 2744.635 2757.71 2774.469 2790.87 2806.26 2823.711 2840.793 2858.943 2878.999 2896.551 2913.356 2931.953 2947.312 2962.879 2975.906 2983.55 2989.482 2996.139 3002.555 3011.513 3021.717 3031.476 3041.071 3052.459 3062.898 3070.316 3066.05 3059.257 3053.573 3052.051 3052.118 3053.708
2549.332 2556.034 2566.083 2574.822 2577.692 2577.242 2577.667 2584.161 2595.389 2604.812 2609.721 2615.119 2622.653 2629.087 2635.078 2638.527 2640.746 2644.134 2648.685 2654.099 2658.927 2664.471 2673.61 2681.188 2689.329 2696.823 2700.221 2707.279 2716.825 2727.931 2740.557 2755.411 2768.334 2785.487 2802.149 2817.843 2835.304 2851.896 2869.477 2888.428 2904.862 2919.792 2934.221 2945.034 2956.152 2964.116 2965.358 2968.735 2976.029 2984.221 2993.911 3004.417 3013.607 3024.777 3038.603 3046.431 3049.716 3044.466 3036.618 3031.629 3031.428 3030.721 3030.934
