Sample_DEM.asc
ncols         410
nrows         333
xllcorner     51.1378872396
yllcorner     35.9197467013
cellsize      0.0003
nodata_value  -9999.0
[rows 140 to 167 of 333, columns 315 to 377 of 410]
2815.298 2813.195 2811.748 2813.421 2817.986 2822.272 2825.82 2828.343 2828.673 2826.508 2822.618 2815.156 2805.031 2794.409 2782.208 2768.613 2758.306 2745.714 2734.845 2725.036 2710.245 2693.987 2677.628 2659.357 2642.477 2624.753 2603.55 2582.752 2565.563 2549.873 2538.215 2525.898 2514.786 2502.935 2491.792 2485.063 2477.563 2461.591 2458.32 2475.603 2494.315 2509.464 2531.249 2551.95 2567.037 2574.67 2573.92 2574.261 2578.386 2583.597 2588.023 2590.693 2593.408 2588.204 2576.764 2561.87 2554.801 2557.743 2562.76 2563.274 2562.004 2561.361 2565.925
2804.405 2799.562 2797.043 2798.788 2800.166 2804.238 2806.662 2807.503 2808.36 2809.845 2809.313 2803.526 2794.789 2786.73 2777.902 2768.374 2761.259 2751.24 2739.708 2729.329 2717.285 2704.044 2689.131 2672.476 2657.988 2641.794 2623.321 2603.789 2583.698 2565.976 2553.24 2538.916 2522.374 2507.142 2490.712 2477.274 2466.966 2457.954 2463.813 2484.528 2506.075 2522.152 2542.469 2561.845 2572.853 2576.766 2578.707 2581.821 2585.912 2591.326 2594.856 2596.304 2596.945 2590.907 2581.057 2569.072 2562.82 2566.518 2572.852 2577.496 2580.122 2580.888 2584.656
2800.98 2795.007 2789.594 2787.079 2783.866 2784.977 2786.718 2786.673 2787.123 2789.83 2791.08 2788.313 2781.122 2773.455 2765.888 2759.36 2753.742 2745.229 2735.171 2726.793 2716.677 2706.412 2695.061 2681.175 2668.941 2655.893 2640.564 2625.087 2604.509 2585.386 2569.932 2550.844 2531.478 2513.16 2494.425 2477.1 2463.882 2461.558 2471.697 2486.878 2506.037 2523.719 2544.543 2562.909 2571.121 2576.178 2582.11 2588.027 2592.951 2596.919 2598.357 2598.538 2597.303 2590.252 2579.512 2569.902 2567.897 2574.769 2582.536 2590.237 2597.069 2602.323 2604.46
2794.424 2793.009 2788.853 2781.219 2771.237 2765.105 2763.732 2763.498 2764.276 2767.361 2769.446 2770.219 2766.661 2759.573 2750.996 2744.75 2737.928 2729.51 2721.483 2714.941 2705.914 2696.563 2686.759 2675.609 2666.188 2657.104 2646.456 2636.529 2621.037 2599.666 2576.993 2552.437 2531.125 2511.727 2492.315 2474.74 2467.848 2476.424 2490.272 2501.613 2511.38 2521.598 2540.196 2558.725 2569.342 2578.959 2587.911 2596.005 2600.718 2601.777 2600.51 2599.292 2596.936 2589.447 2579.42 2572.534 2574.473 2583.501 2592.867 2602.051 2611.506 2621.221 2625.042
2777.188 2778.678 2778.127 2772.358 2760.21 2747.537 2739.948 2738.351 2740.071 2743.724 2745.845 2749.413 2751.244 2746.659 2737.758 2730.598 2721.891 2713.554 2705.94 2699.049 2690.6 2681.322 2672.517 2662.011 2652.666 2643.58 2635.423 2629.064 2621.293 2603.638 2575.388 2548.529 2526.198 2507.567 2488.255 2473.906 2476.968 2494.35 2511.795 2526.384 2531.066 2531.865 2542.465 2559.823 2571.161 2582.723 2592.582 2599.987 2602.856 2602.408 2601.095 2599.956 2597.296 2590.522 2582.537 2578.071 2581.048 2590.923 2601.976 2612.636 2623.756 2636.546 2645.902
2756.051 2756.857 2756.895 2755.496 2748.453 2734.927 2721.454 2716.031 2717.473 2720.862 2723.875 2730.15 2735.522 2734.658 2727.204 2719.41 2710.861 2701.241 2692.136 2684.818 2676.097 2666.884 2658.237 2648.012 2637.843 2627.004 2617.984 2612.346 2607.503 2599.306 2574.365 2543.931 2520.848 2502.038 2484.835 2477.638 2488.595 2508.942 2528.053 2544.719 2550.099 2547.721 2551.875 2562.234 2571.333 2582.182 2590.532 2596.501 2599.39 2600.005 2600.056 2599.754 2597.074 2591.908 2585.989 2582.946 2586.208 2596.562 2608.586 2621.276 2634.02 2648.107 2662.025
2733.625 2733.496 2733.001 2733.571 2733.183 2722.224 2706.831 2694.673 2693.401 2696.878 2701.471 2708.953 2715.313 2716.634 2713.021 2708.359 2703.513 2695.058 2685.179 2676.492 2665.965 2655.395 2645.058 2634.1 2623.442 2611.812 2600.455 2593.283 2587.333 2583.59 2569.163 2541.02 2516.547 2496.448 2483.734 2485.964 2502.541 2522.421 2540.003 2555.161 2561.275 2560.064 2562.075 2568.398 2575.402 2582.893 2587.791 2592.502 2595.843 2597.827 2598.872 2598.509 2595.626 2592.548 2589.803 2588.221 2592.208 2602.188 2613.799 2627.599 2641.552 2655.892 2671.795
2709.985 2709.89 2709.087 2710.487 2712.863 2705.696 2693.051 2677.659 2670.799 2673.005 2679.295 2686.962 2693.132 2694.076 2692.629 2691.78 2690.156 2685.594 2682.331 2677.672 2668.992 2656.475 2643.602 2629.999 2617.017 2604.202 2590.608 2579.818 2570.224 2562.956 2554.444 2535.575 2514.13 2493.677 2485.341 2494.077 2513.964 2534.08 2550.263 2563.677 2569.604 2570.932 2572.585 2576.829 2585.524 2592.027 2594.949 2597.163 2598.334 2598.95 2599.232 2598.624 2596.895 2596.214 2595.741 2595.804 2599.618 2608.382 2618.714 2631.882 2645.487 2660.582 2676.568
2687.024 2686.929 2686.011 2686.43 2687.946 2684.423 2675.7 2662.634 2651.851 2649.973 2657.497 2665.44 2671.056 2671.285 2669.789 2669.062 2667.742 2665.774 2668.145 2669.639 2666.805 2656.712 2643.747 2628.854 2614.146 2600.092 2584.881 2570.286 2556.732 2543.632 2534.327 2521.141 2505.042 2490.941 2489.284 2501.333 2521.602 2541.95 2558.172 2572.6 2578.756 2581.761 2585.701 2587.263 2595.864 2603.926 2607.343 2606.432 2604.295 2602.977 2602.382 2602.027 2601.37 2602.547 2602.715 2603.642 2606.377 2613.807 2623.681 2635.461 2647.675 2662.553 2674.391
2664.199 2664.173 2663.328 2662.545 2662.395 2659.676 2653.584 2645.502 2635.945 2629.851 2634.55 2641.571 2646.401 2646.369 2644.702 2643.254 2642.085 2641.341 2643.495 2645.919 2646.895 2641.453 2629.65 2614.486 2599.314 2584.499 2568.764 2553.377 2538.732 2524.055 2512.895 2504.007 2496.866 2495.072 2499.917 2512.504 2529.946 2548.819 2564.903 2580.771 2590.13 2594.173 2600.138 2603.245 2608.052 2614.885 2618.177 2615.757 2611.591 2609.887 2609.481 2608.639 2608.002 2610.262 2611.705 2612.893 2615.707 2621.633 2629.773 2640.14 2651.549 2664.269 2669.751
2642.47 2642.027 2641.82 2640.52 2639.525 2636.393 2631.55 2626.887 2621.755 2614.816 2612.964 2617.018 2622.123 2622.411 2620.83 2618.776 2617.792 2617.637 2618.791 2620.228 2622.493 2619.979 2609.71 2595.061 2579.681 2563.771 2547.731 2533.712 2519.653 2508.046 2501.606 2500.22 2504.186 2510.846 2517.541 2527.503 2540.94 2556.22 2571.421 2588.891 2601.89 2607.494 2612.825 2618.204 2622.405 2626.841 2628.87 2627.371 2622.727 2620.047 2620.005 2620.094 2619.612 2621.748 2623.662 2625.348 2628.597 2633.147 2638.865 2647.836 2657.7 2665.349 2664.692
2625.584 2622.857 2621.611 2620.226 2618.623 2615.808 2611.013 2606.708 2602.772 2598.316 2593 2593.654 2598.38 2598.609 2597.608 2595.525 2594.814 2594.771 2594.871 2595.913 2597.345 2596.703 2589.815 2576.99 2562.551 2545.851 2529.124 2517.177 2509.034 2507.545 2508.992 2513.446 2523.858 2533.684 2540.852 2547.141 2558.093 2570.738 2582.454 2597.735 2612.677 2621.188 2625.399 2629.554 2634.863 2639.518 2641.552 2641.364 2638.044 2635.002 2635.573 2636.957 2637.351 2638.358 2639.173 2641.65 2644.055 2647.571 2651.985 2659.964 2666.031 2665.834 2657.266
2616.737 2611.382 2607.735 2604.241 2600.943 2598.39 2592.596 2586.633 2581.993 2578.365 2573.351 2571.856 2574.155 2573.809 2573.614 2572.876 2572.147 2570.469 2569.678 2570.07 2570.248 2569.505 2565.306 2555.665 2543.916 2529.188 2516.078 2510.026 2514.767 2521.609 2528.344 2535.509 2546.851 2557.102 2564.185 2571.34 2581.908 2592.481 2601.082 2612.535 2624.926 2636.266 2642.384 2647.064 2650.582 2654.816 2656.343 2655.987 2654.538 2653.497 2653.188 2654.789 2656.037 2658.312 2659.201 2659.999 2661.53 2664.808 2668.849 2673.252 2673.577 2666.349 2651.653
2613.991 2607.414 2602.652 2598.178 2592.782 2589.112 2583.65 2575.988 2569.84 2565.48 2561.954 2559.493 2557.626 2555.205 2553.268 2552.301 2550.196 2547.801 2545.671 2545.627 2545.39 2543.886 2540.057 2534.145 2527.299 2518.327 2514.073 2518.113 2530.239 2538.179 2549.001 2558.595 2568.88 2578.76 2587.362 2597.1 2607.176 2615.281 2621.454 2630.423 2641.01 2651.811 2661.111 2666.958 2668.666 2671.432 2673.59 2672.917 2672.903 2672.225 2670.564 2672.066 2675.068 2678.427 2680.88 2681.426 2681.973 2683.283 2684.666 2684.343 2679.892 2668.398 2651.218
2613.385 2606.115 2601.212 2596.267 2591.267 2586.285 2580.8 2573.694 2569.748 2567.847 2565.235 2561.877 2557.737 2553.961 2550.285 2545.852 2543.676 2540.159 2535.86 2533.631 2531.228 2528.048 2524.816 2522.454 2520.756 2520.233 2532.384 2546.677 2554.27 2557.033 2567.015 2580.981 2593.573 2603.015 2612.03 2622.371 2631.418 2638.893 2644.781 2651.195 2660.54 2669.754 2679.513 2684.65 2688.384 2691.16 2693.523 2693.6 2693.372 2694.075 2693.499 2694.284 2696.798 2698.811 2701.216 2702.277 2702.432 2699.12 2695.371 2689.975 2681.428 2668.29 2649.931
2614.118 2605.85 2600.94 2595.728 2590.611 2584.987 2578.368 2576.298 2577.927 2578.493 2576.654 2573.247 2569.464 2567.91 2565.125 2558.222 2553.646 2549.395 2544.241 2539.919 2534.686 2530.071 2528.06 2529.935 2532.958 2538.471 2555.505 2572.292 2577.741 2580.649 2586.834 2599.466 2614.425 2625.921 2635.604 2646.793 2656.25 2662.828 2668.735 2675.288 2682.552 2688.629 2697.325 2704.035 2707.921 2710.791 2714.233 2715.698 2715.428 2715.374 2714.832 2714.897 2714.858 2714.648 2715.275 2714.958 2713.485 2706.456 2697.741 2686.949 2674.881 2662.443 2645.934
2615.92 2607.032 2602.255 2597.006 2591.047 2584.934 2581.036 2585.053 2590.418 2591.437 2589.305 2586.171 2584.947 2585.81 2582.945 2575.857 2568.947 2565.837 2561.27 2555.385 2547.066 2540.334 2542.001 2549.426 2556.151 2560.875 2573.149 2589.215 2598.14 2602.599 2607.832 2616.668 2631.028 2644.035 2655.716 2666.432 2677.307 2685.321 2691.063 2697.346 2702.459 2707.483 2715.329 2720.824 2724.633 2727.351 2729.308 2728.665 2726.809 2724.013 2721.718 2720.782 2718.466 2718.382 2718.621 2717.278 2712.455 2702.997 2692.744 2679.721 2665.874 2653.634 2639.679
2617.722 2609.91 2604.096 2597.893 2592.722 2590.875 2592.534 2599.364 2604.322 2603.899 2603.189 2602.824 2603.13 2602.125 2599.222 2592.737 2586.327 2584.462 2580.278 2572.239 2561.32 2553.503 2556.684 2569.383 2580.198 2584.317 2593.543 2606.571 2617.818 2625.269 2631.359 2639.418 2650.705 2662.992 2675.506 2685.75 2697.128 2706.795 2712.252 2717.143 2722.656 2727.797 2732.937 2736.327 2738.576 2737.567 2733.355 2727.092 2721.793 2716.021 2710.64 2708.388 2707.238 2708.41 2709.95 2708.277 2702.21 2692.789 2682.965 2670.453 2656.643 2642.893 2628.885
2619.424 2612.135 2605.681 2599.512 2598.077 2602.695 2610.18 2615.322 2616.021 2615.064 2619.675 2621.757 2617.731 2614.692 2613.937 2608.705 2604.307 2602.404 2596.405 2587.938 2576.603 2568.439 2570.412 2584.657 2599.351 2607.23 2616.346 2625.669 2636.188 2647.351 2655.408 2664.416 2671.992 2682.123 2695.356 2706.484 2716.168 2725.372 2731.521 2735.963 2740.296 2743.595 2746.06 2745.849 2741.009 2732.644 2724.036 2715.669 2708.092 2699.996 2693.194 2690.198 2690.491 2691.579 2693.419 2692.948 2688.881 2681.034 2671.376 2659.739 2647.122 2633.164 2617.73
2619.009 2612.019 2607.572 2606.408 2611.295 2620.263 2630.158 2634.136 2632.325 2630.369 2633.559 2634.378 2630.186 2629.336 2630.182 2625.637 2621.56 2617.193 2607.318 2599.058 2589.68 2582.798 2585.683 2600.456 2616.475 2628.154 2638.244 2646.852 2656.5 2668.866 2678.501 2687.659 2693.795 2701.857 2714.86 2725.697 2733.51 2741.349 2746.796 2748.951 2750.449 2749.86 2750.224 2743.218 2732.824 2720.572 2709.376 2700.57 2692.463 2684.16 2677.017 2673.012 2673.26 2674.137 2675.412 2676.363 2674.711 2669.532 2660.477 2648.837 2636.668 2623.172 2607.681
2618.463 2614.765 2615.609 2622.852 2634.342 2644.26 2652.628 2655.016 2651.688 2647.638 2644.927 2643.595 2644.693 2647.763 2649.443 2644.758 2637.916 2629.03 2616.913 2607.843 2599.133 2595.181 2600.902 2616.733 2633.071 2647.683 2660.44 2670.675 2680.956 2692.293 2702.142 2710.923 2718.147 2724.492 2734.152 2742.564 2748.067 2752.363 2754.476 2753.091 2749.751 2743.67 2740.491 2732.15 2721.988 2707.835 2694.568 2683.977 2675.232 2668.688 2662.104 2655.756 2653.762 2654.448 2655.815 2656.972 2656.781 2655.42 2649.714 2639.923 2627.03 2612.89 2597.559
2625.011 2627.096 2632.296 2644.404 2658.517 2667.677 2674.752 2675.466 2669.5 2661.158 2655.176 2655.165 2660.331 2666.155 2668.655 2662.994 2652.109 2639.968 2627.618 2617.343 2608.266 2607.696 2615.609 2631.242 2647.258 2663.352 2679.191 2691.9 2704.462 2714.764 2723.185 2731.618 2738.947 2744.328 2749.871 2753.459 2752.89 2751.428 2750.499 2747.147 2739.91 2730.874 2722.907 2718.256 2711.276 2697.417 2682.957 2669.874 2659.434 2653.7 2647.609 2639.667 2635.287 2635.635 2636.781 2636.817 2637.012 2637.718 2635.688 2629.683 2618.673 2605.185 2589.439
2641.256 2647.036 2653.279 2665.983 2680.675 2688.777 2696.547 2697.118 2689.3 2676.404 2668.402 2669.976 2678.148 2686.067 2686.49 2678.181 2665.835 2651.629 2637.398 2626.677 2621.359 2625.557 2633.743 2645.882 2658.88 2675.154 2693.607 2708.452 2722.563 2732.923 2742.169 2748.954 2753.579 2755.921 2755.667 2752.445 2746.419 2740.717 2737.69 2734.54 2728.092 2719.021 2707.739 2702.282 2698.337 2688.14 2674.338 2659.662 2646.581 2638.096 2631.275 2624.115 2618.488 2618.286 2617.833 2616.967 2616.799 2617.861 2616.762 2613.271 2606.2 2596.166 2582.34
2663.027 2668.631 2675.638 2690.066 2704.935 2711.628 2717.987 2716.454 2707.623 2693.876 2683.817 2685.465 2696.637 2704.528 2700.942 2690.826 2678.431 2662.375 2646.016 2638.21 2640.138 2647.574 2654.842 2662.123 2671.36 2686.206 2703.971 2718.679 2734.031 2747.866 2757.443 2761.155 2760.437 2756.966 2750.583 2742.75 2733.827 2724.838 2719.592 2718.244 2716.24 2709.481 2696.688 2685.999 2681.206 2675.029 2664.53 2650.721 2635.518 2622.582 2614.186 2609.177 2603.435 2600.433 2597.105 2596.883 2596.594 2596.826 2595.879 2592.806 2587.712 2580.945 2570.353
2685.239 2689.292 2698.527 2715.073 2728.178 2736.423 2739.402 2733.658 2722.632 2710.086 2701.646 2703.45 2713.939 2717.596 2710.072 2698.466 2687.196 2671.598 2658.098 2653.6 2660.503 2670.199 2677.278 2682.163 2687.661 2698.542 2713.583 2726.948 2741.269 2755.674 2764.9 2766.772 2762.57 2755.174 2746.098 2736.416 2725.777 2715.017 2706.189 2702.597 2703.042 2700.666 2689.055 2674.104 2664.709 2658.544 2651.913 2641.206 2627.014 2612.71 2600.844 2594.427 2589.722 2584.399 2580.786 2581.403 2581.082 2579.138 2576.512 2572.532 2568.145 2563.124 2554.38
2709.369 2712.563 2721.218 2735.968 2748.057 2760.67 2760.476 2749.153 2736.858 2727.493 2723.751 2725.196 2730.286 2729.132 2719.632 2708.114 2697.93 2687.365 2683.1 2679.21 2683.767 2693.274 2700.698 2704.597 2706.574 2713.166 2723.529 2732.846 2741.725 2750.039 2759.141 2761.901 2761.78 2757.486 2750.038 2740.905 2729.98 2718.462 2706.391 2695.551 2689.057 2686.831 2680.286 2666.144 2652.972 2641.8 2635.237 2627.779 2616.113 2603.046 2590.083 2580.165 2574.47 2569.875 2568.915 2570.216 2567.527 2562.845 2558.213 2552.453 2548.086 2543.644 2535.97
2738.209 2740.044 2743.968 2753.616 2765.902 2781.304 2780.857 2766.013 2754.121 2746.567 2743.209 2743.895 2746.597 2745.484 2740.061 2726.992 2717.137 2711.23 2710.49 2709.145 2709.532 2715.854 2720.58 2721.683 2721.023 2722.653 2725.27 2726.304 2729.965 2735.183 2742.531 2747.229 2751.392 2753.347 2751.798 2745.461 2737.423 2726.682 2713.769 2699.027 2684.995 2674.782 2665.629 2654.753 2643.871 2629.854 2619.185 2609.826 2598.742 2587.099 2575.817 2563.975 2557.481 2554.923 2556.125 2557.11 2552.412 2547.064 2541.43 2533.489 2527.896 2523.511 2516.542
2764.147 2769.138 2771.582 2777.958 2788.16 2799.326 2796.426 2780.202 2771.586 2767.156 2763.356 2762.807 2765.958 2766.17 2762.626 2751.125 2742.975 2737.056 2732.212 2730.891 2728.74 2730.771 2729.37 2723.987 2720.004 2718.848 2715.701 2711.766 2713.022 2718.586 2724.368 2730.01 2736.691 2742.615 2743.462 2737.497 2733.013 2726.845 2718.891 2705.904 2689.616 2674.213 2659.648 2645.787 2632.875 2619.531 2607.497 2596.318 2585.026 2573.772 2563.478 2552.871 2545.276 2541.669 2542.89 2542.681 2536.94 2531.647 2525.469 2516.562 2509.516 2505.341 2499.358
