Sample_DEM.asc
ncols         410
nrows         333
xllcorner     51.1378872396
yllcorner     35.9197467013
cellsize      0.0003
nodata_value  -9999.0
[rows 112 to 139 of 333, columns 63 to 125 of 410]
2417.137 2404.835 2381.89 2362.621 2357.197 2351.361 2338.157 2328.686 2319.509 2310.094 2307.252 2303.743 2300.888 2299.127 2305.52 2326.9 2351.812 2374.722 2395.451 2418.122 2442.669 2467.07 2491.739 2515.299 2535.229 2553.919 2570.832 2587.069 2604.361 2617.237 2630.62 2646.148 2659.212 2672.877 2687.643 2700.147 2713.112 2725.625 2739.465 2755.42 2770.716 2786.322 2803.053 2817.516 2834.949 2851.586 2865.406 2877.059 2880.925 2878.7 2874.986 2873.419 2873.639 2872.902 2871.209 2869.143 2867.282 2864.964 2860.184 2853.969 2846.982 2839.52 2833.529
2435.366 2418.1 2395.253 2383.498 2381.335 2373.364 2363.081 2356.036 2345.306 2335.616 2328.958 2321.531 2316.763 2310.807 2307.653 2321.985 2346.906 2375.063 2399.105 2421.708 2444.141 2466.518 2488.178 2507.818 2523.441 2539.122 2555.37 2571.595 2587.123 2594.675 2599.571 2613.973 2629.656 2647.783 2666.16 2681.373 2697.998 2714.302 2729.628 2745.081 2759.658 2775.009 2792.636 2808.402 2825.969 2843.933 2859.71 2875.431 2886.29 2891.909 2892.354 2891.81 2890.789 2888.293 2883.867 2878.767 2874.637 2871.562 2867.825 2863.189 2856.115 2849.391 2844.497
2444.595 2425.46 2409.459 2405.039 2404.701 2396.84 2386.961 2379.079 2367.971 2357.32 2349.544 2342.319 2335.775 2327.414 2317.517 2320.485 2339.932 2371.01 2392.789 2410.696 2432.259 2453.859 2473.095 2491.639 2507.004 2524.11 2541.494 2556.942 2568.59 2573.721 2580.227 2600.333 2621.048 2640.83 2657.641 2673.436 2689.523 2703.466 2717.181 2732.414 2746.904 2762.824 2780.576 2796.474 2814.316 2833.766 2851.731 2870.754 2885.053 2897.246 2904.422 2907.477 2906.377 2902.895 2897.684 2890.356 2883.374 2878.864 2874.22 2869.405 2863.298 2857.001 2851.154
2458.504 2442.104 2434.177 2431.069 2430.401 2423.71 2411.725 2401.106 2388.804 2379.166 2371.25 2361.633 2353.507 2345.279 2334.99 2328.447 2332.936 2358.755 2377.077 2394.298 2417.015 2438.341 2456.988 2475.453 2492.29 2511.746 2527.783 2539.136 2549.04 2558.732 2574.913 2604.037 2629.698 2646.185 2655.582 2666.558 2678.451 2690.88 2705.31 2721.777 2737.967 2755.698 2774.302 2790.546 2809.952 2832.921 2852.781 2871.262 2883.081 2894.441 2905.131 2912.749 2916.85 2915.437 2910.521 2904.075 2895.304 2888.649 2881.569 2875.391 2870.113 2863.788 2857.351
2478.429 2468.497 2465.581 2463.854 2465.461 2459.165 2444.752 2430.494 2419.233 2408.116 2396.256 2384.103 2372.979 2362.188 2349.786 2337.909 2332.891 2346.969 2363.711 2383.77 2406.243 2425.447 2444.884 2462.65 2479.197 2496.245 2508.213 2516.959 2532.51 2552.947 2577.23 2601.927 2623.996 2637.813 2642.014 2650.973 2664.216 2679.115 2694.653 2710.371 2724.65 2741.903 2763.716 2783.151 2806.697 2831.097 2846.393 2861.602 2871.191 2882.585 2894.888 2906.811 2916.917 2923.257 2922.58 2918.205 2910.302 2902.127 2893.78 2886.787 2881.071 2874.225 2868.014
2497.36 2495.019 2496.88 2499.478 2502.277 2493.413 2474.962 2464.234 2448.244 2431.594 2416.112 2401.17 2386.616 2373.612 2360.311 2347.197 2337.232 2343.053 2358.394 2378.192 2399.349 2416.478 2434.417 2450.351 2464.396 2477.146 2487.21 2500.035 2520.335 2544.212 2569.94 2588.535 2604.855 2615.852 2621.076 2633.095 2649.011 2662.91 2678.921 2696.947 2710.461 2725.929 2749.373 2770.397 2792.458 2813.678 2826.983 2843.197 2854.932 2868.301 2882.365 2896.943 2911.918 2925.765 2933.129 2931.95 2925.669 2917.817 2909.388 2901.983 2895.166 2888.406 2882.349
2521.266 2523.891 2529.098 2532.433 2530.814 2520.55 2505.71 2493.334 2474.97 2454.007 2432.85 2414.386 2402.745 2393.06 2378.666 2363.659 2348.263 2343.834 2354.373 2370.509 2387.037 2403.294 2420 2434.438 2446.394 2456.827 2469.18 2487.759 2511.003 2535.137 2556.89 2575.914 2586.674 2592.615 2601.792 2615.603 2629.864 2642.353 2657.717 2677.656 2695.25 2712.475 2733.74 2751.868 2769.67 2789.387 2804.531 2822.87 2839.567 2854.973 2872.152 2888.969 2907.592 2926.229 2938.528 2942.999 2940.487 2934.708 2927.172 2920.442 2913.759 2905.961 2899.391
2550.223 2555.374 2564.716 2567.772 2562.466 2558.259 2541.637 2519.804 2496.981 2473.585 2452.1 2436.543 2433.958 2429.005 2411.59 2393.322 2373.199 2356.475 2354.775 2361.386 2373.852 2388.474 2404.662 2418.995 2432.418 2447.96 2465.3 2485.947 2511.957 2538.302 2555.793 2567.428 2571.157 2577.042 2587.398 2598.139 2611.193 2626.12 2643.161 2662.857 2680.969 2699.476 2719.329 2734.693 2751.861 2771.531 2787.447 2806.51 2825.703 2844.526 2864.259 2881.647 2899.242 2917.649 2932.434 2945.145 2952.62 2951.296 2945.584 2939.153 2932.685 2924.862 2917.912
2591.144 2599.818 2613.594 2619.152 2614.496 2612.959 2596.589 2569.235 2534.057 2502.65 2480.886 2469.545 2472.385 2467.097 2449.651 2433.236 2413.216 2390.026 2378.4 2369.564 2370.402 2379.67 2394.593 2410.988 2427.667 2446.083 2465.493 2489.328 2518.235 2540.78 2551.911 2556.046 2556.449 2563.423 2572.594 2583.218 2600.315 2618.918 2638.228 2657.709 2674.51 2692.314 2710.239 2724.172 2741.918 2760.662 2776.055 2794.834 2812.814 2831.722 2852.007 2868.996 2886.551 2905.387 2922.809 2941.176 2957.305 2963.35 2961.01 2954.95 2949.078 2941.831 2935.16
2653.225 2662.215 2674.363 2679.871 2674.637 2666.725 2648.871 2624.011 2588.062 2555.026 2532.17 2523.12 2522.917 2511.642 2498.111 2487.749 2469.363 2441.552 2419.889 2397.512 2385.435 2383.315 2389.585 2401.806 2418.994 2439.537 2464.161 2493.607 2518.92 2529.983 2533.602 2535.807 2539.662 2549.623 2561.844 2576.968 2597.162 2616.88 2636.416 2654.567 2669.294 2684.559 2700.242 2713.605 2729.86 2747.889 2763.024 2780.936 2798.261 2816.296 2837.093 2855.689 2874.647 2895.453 2914.08 2934.578 2954.662 2968.198 2973.527 2971.452 2966.377 2959.682 2953.339
2710.026 2715.823 2722.18 2726.374 2717.901 2701.668 2679.164 2655.854 2625.404 2602.001 2587.227 2580.732 2576.853 2561.206 2547.733 2539.396 2522.24 2492.343 2462.858 2435.044 2415.721 2403.888 2397.68 2397.383 2409.959 2432.196 2460.117 2488.512 2505.692 2509.468 2510.152 2515.362 2525.677 2540.577 2556.731 2573.864 2594.061 2611.786 2628.477 2644.376 2657.186 2670.924 2686.137 2699.992 2716.46 2735.345 2750.832 2768.256 2786.152 2805.064 2826.861 2847.609 2868.49 2889.89 2908.341 2929.219 2950.03 2966.559 2979.865 2985.853 2984.094 2977.917 2971.517
2751.02 2758.108 2758.178 2753.288 2737.288 2715.753 2691.299 2669.457 2648.109 2636.975 2635.236 2632.678 2624.314 2605.988 2586.956 2572.579 2553.324 2524.549 2497.648 2477.104 2461.487 2444.814 2428.317 2415.177 2413.603 2425.149 2445.402 2467.649 2482.912 2486.567 2489.632 2500.902 2516.253 2534.071 2552.094 2569.213 2587.064 2601.84 2615.806 2630.316 2642.657 2657.072 2673.519 2689.15 2707.022 2727.494 2744.477 2763.695 2782.594 2802.483 2824.208 2844.388 2864.702 2884.756 2902.416 2923.189 2943.867 2961.193 2979.096 2992.308 2997.061 2994.467 2988.69
2784.511 2790.513 2784.426 2766.84 2745.625 2724.049 2702.495 2685.12 2670.12 2665.284 2672.187 2669.441 2653.091 2631.082 2608.049 2588.355 2568.903 2545.85 2528.419 2515.698 2503.45 2487.99 2469.38 2453.39 2439.234 2431.545 2433.54 2442.359 2456.729 2464.298 2474.46 2491.368 2507.798 2525.977 2543.766 2559.727 2576.803 2592.843 2608.177 2624.551 2638.891 2654.497 2672.469 2689.969 2709.119 2729.863 2747.1 2766.313 2784.818 2803.461 2823.301 2841.556 2860.229 2879.533 2897.191 2917.634 2938.089 2955.708 2975.551 2992.99 3004.265 3009.128 3006.964
2812.526 2809.869 2796.205 2775.786 2756.979 2738.215 2721.69 2707.494 2694.297 2694.234 2701.604 2692.026 2668.22 2643.354 2620.247 2602.103 2586.16 2571.029 2559.467 2544.928 2530.431 2516.887 2501.601 2488.55 2471.127 2452.289 2438.994 2431.647 2438.954 2450.778 2466.432 2484.791 2502.412 2522.63 2541.692 2559.948 2580.569 2600.226 2619.998 2638.494 2651.775 2665.39 2682.444 2698.926 2717.952 2736.746 2753.642 2771.634 2788.968 2805.661 2823.688 2841.126 2859.693 2878.867 2896.225 2915.409 2935.551 2953.184 2973.466 2992.395 3007.677 3019.613 3023.757
2833.719 2822.633 2806.405 2791.111 2778.085 2760.14 2742.266 2728.867 2719.01 2725.211 2729.277 2712.175 2685.625 2660.822 2640.79 2628.591 2615.446 2602.343 2588.515 2572.814 2558.355 2544.001 2530.692 2516.605 2495.458 2471.672 2451.481 2434.475 2433.371 2447.851 2467.396 2488.172 2508.469 2531.284 2553.015 2573.265 2593.953 2612.493 2629.972 2646.813 2658.584 2669.802 2686.131 2701.061 2718.893 2737.874 2756.038 2774.654 2793.487 2810.592 2829.245 2847.282 2865.347 2883.893 2901.169 2919.46 2937.728 2953.764 2973.223 2993.055 3010.492 3027.007 3036.859
2848.115 2835.999 2823.519 2811.281 2798.916 2781.564 2761.515 2749.896 2747.175 2752.101 2752.386 2732.841 2709.165 2690.092 2675.895 2664.347 2650.73 2634.99 2620.811 2608.558 2595.609 2578.997 2560.704 2539.5 2513.74 2487.322 2464.345 2442.51 2434.37 2448.304 2471.314 2493.547 2513.535 2536.109 2555.44 2572.985 2592.071 2607.68 2621.832 2637.764 2652.894 2667.784 2686.208 2702.027 2719.394 2740.505 2760.584 2781.526 2802.262 2821.812 2841.582 2859.08 2876.429 2893.879 2909.295 2925.07 2941.02 2955.08 2972.433 2990.199 3006.941 3025.203 3039.046
2862.102 2853.01 2840.975 2824.614 2809.935 2795.254 2781.139 2774.313 2773.802 2774.092 2767.817 2749.885 2733.98 2722.613 2708.673 2693.096 2678.091 2662.231 2647.802 2632.494 2612.95 2597.832 2576.86 2551.418 2525.819 2497.59 2473.64 2450.372 2436.941 2448.663 2470.207 2491.987 2510.867 2531.272 2546.587 2563.722 2583.562 2599.635 2615.447 2633.251 2651.345 2669.285 2690.168 2707.617 2725.669 2748.306 2768.592 2790.118 2810.099 2828.616 2846.401 2860.616 2875.537 2890.92 2904.595 2919.223 2934.363 2948.334 2965.109 2981.136 2996.369 3013.44 3028.365
2882.391 2872.718 2857.488 2838.577 2824.2 2812.303 2806.514 2802.752 2800.73 2798.672 2786.195 2770.852 2757.173 2744.182 2726.124 2707.434 2689.541 2670.959 2653.56 2633.978 2609.445 2591.245 2574.322 2553.677 2531.087 2505.703 2481.605 2458.671 2441.008 2446.015 2467.149 2490.787 2508.32 2529.385 2549.438 2567.84 2588.955 2608.604 2626.881 2643.887 2660.241 2678.489 2703.631 2725.285 2740.798 2761.669 2778.664 2793.357 2807.078 2819.899 2834.033 2846.166 2860.147 2875.721 2889.34 2904.062 2919.796 2934.642 2950.276 2965.085 2980.476 2997.135 3012.6
2903.896 2891.064 2875.171 2858.418 2846.954 2836.958 2836.438 2834.055 2831.184 2824.884 2810.705 2793.955 2773.747 2752.206 2731.287 2712.321 2694.358 2674.913 2656.344 2635.947 2613.151 2591.568 2572.183 2553.846 2535.503 2514.28 2490.723 2468.859 2449.648 2447.392 2466.944 2489.179 2510.031 2533.659 2558.402 2579.085 2603.006 2626.365 2646.267 2663.969 2680.885 2699.975 2719.631 2736.211 2747.372 2759.554 2769.074 2779.73 2789.863 2800.431 2813.214 2826.1 2841.342 2858.313 2872.799 2888.115 2903.66 2917.537 2933.052 2947.224 2961.993 2979.057 2995.574
2927.257 2911.942 2896.937 2882.53 2872.474 2863.706 2863.422 2861.146 2855.736 2843.216 2826.16 2806.418 2785.615 2764.027 2742.638 2722.365 2703.803 2683.879 2665.426 2645.225 2624.744 2605.924 2585.706 2566.808 2549.697 2527.704 2503.68 2480.301 2456.867 2448.303 2466.685 2490.309 2514.53 2542.33 2568.399 2590.196 2614.49 2636.128 2653.905 2671.239 2687.445 2704.289 2716.874 2726.819 2734.497 2741.946 2748.549 2758.848 2768.909 2780.373 2793.169 2807.161 2824.763 2843.399 2857.931 2871.718 2887.247 2899.892 2915.96 2931.786 2946.637 2964.047 2981.599
2958.833 2942.024 2929.483 2914.273 2901.019 2888.346 2878.806 2870.286 2859.536 2844.621 2829.477 2811.491 2793.862 2775.916 2756.254 2736.797 2713.042 2688.802 2670.619 2648.328 2628.094 2610.284 2592.366 2574.658 2557.023 2534.619 2511.746 2488.034 2462.295 2452.095 2471.03 2497.246 2521.902 2552.705 2577.557 2597.659 2616.384 2631.48 2646.189 2662.892 2677.2 2690.412 2700.162 2706.889 2713.213 2719.633 2727.252 2738.325 2750.418 2763.865 2779.228 2794.504 2811.418 2828.544 2841.921 2854.433 2869.834 2882.618 2898.718 2915.548 2930.746 2948.047 2965.789
2988.246 2975.385 2963.006 2945.047 2925.13 2901.868 2881.689 2864.49 2849.066 2834.335 2821.612 2805.806 2790.057 2772.764 2754.157 2738.586 2717.665 2689.094 2667.959 2646.313 2624.75 2605.957 2586.35 2568.549 2551.876 2532.597 2511.295 2488.114 2465.662 2458.99 2479.896 2505.461 2529.849 2556.544 2577.159 2592.534 2606.675 2620.542 2634.922 2650.111 2661.521 2670.887 2679.185 2684.796 2691.345 2699.551 2709.858 2725.281 2742.019 2756.677 2770.661 2783.053 2795.834 2810.523 2823.589 2837.63 2854.073 2868.06 2882.732 2898.021 2912.234 2929.151 2946.319
3002.357 2989.798 2973.693 2953.474 2932.713 2902.12 2878.352 2859.249 2839.894 2823.66 2809.275 2793.589 2778.895 2761.897 2743.145 2728.527 2712.607 2688.477 2662.891 2640.703 2620.528 2602.486 2582.847 2564.246 2546.755 2528.313 2509.423 2488.275 2468.527 2464.836 2486.21 2509.778 2530.195 2549.184 2566.094 2580.756 2595.532 2609.485 2623.417 2635.691 2643.611 2649.35 2657.075 2663.644 2674.884 2688.451 2702.404 2718.96 2733.807 2745.043 2756.318 2767.375 2779.964 2795.383 2809.371 2825.072 2841.456 2854.773 2868.305 2883 2896.757 2913.762 2930.627
3000.258 2987.444 2970.838 2949.411 2929.982 2901.352 2875.017 2857.248 2837.727 2819.556 2803.148 2785.954 2770.576 2753.668 2734.147 2718.171 2703.029 2685.506 2662.168 2636.004 2616.265 2600.666 2584.014 2568.01 2552.184 2534.786 2517.365 2499.604 2479.196 2471.064 2482.201 2499.542 2518.363 2535.31 2552.208 2568.455 2584.395 2596.934 2608.57 2617.703 2623.733 2628.549 2637.895 2648.666 2664.83 2681.162 2693.031 2704.952 2715.753 2726.518 2740.516 2755.249 2770.837 2787.254 2801.264 2815.897 2831.219 2844.325 2860.015 2875.543 2890.404 2907.83 2924.721
2993.764 2981.396 2966.896 2947.214 2929.349 2906.811 2882.701 2865.971 2847.64 2826.77 2809.033 2789.739 2772.19 2752.144 2730.614 2714.06 2698.784 2682.275 2663.778 2640.413 2620.528 2607.858 2595.774 2582.872 2569.792 2554.129 2537.282 2519.191 2499.015 2483.752 2479.816 2485.178 2502.635 2522.981 2540.499 2555.993 2570.728 2581.374 2590.308 2597.823 2605.343 2614.617 2626.718 2639.456 2653.08 2666.382 2674.71 2685.433 2698.381 2714.048 2732.653 2749.028 2764.542 2781.273 2795.552 2810.151 2826.201 2840.269 2857.881 2874.025 2889.313 2906.847 2923.458
2990.925 2980.279 2967.401 2951.279 2935.885 2918.475 2899.557 2884.694 2867.376 2846.008 2825.837 2800.938 2779.631 2758.55 2737.491 2722.147 2707.332 2689.539 2672.76 2654.939 2639.2 2629.634 2619.595 2607.84 2593.836 2574.567 2554.847 2538.52 2523.732 2507.523 2494.368 2485.859 2491.607 2509.031 2525.375 2538.364 2552.446 2562.279 2571.075 2581.005 2591.096 2602.679 2613.558 2624.109 2634.725 2647.409 2658.519 2674.302 2692.196 2709.723 2727.819 2742.72 2758.388 2775.839 2790.999 2806.993 2824.413 2839.309 2857.47 2874.76 2890.422 2908.078 2924.24
2985.933 2981.264 2971.486 2958.311 2945.188 2930.988 2916.306 2902.698 2884.62 2864.033 2843.618 2818.872 2798.555 2778.379 2760.146 2747.331 2730.695 2712.837 2697.414 2680.51 2667.982 2657.987 2646.14 2632.815 2617.285 2597.059 2578.892 2564.187 2545.79 2527.701 2512 2498.951 2492.869 2495.602 2506.028 2515.023 2528.963 2543.119 2554.196 2566.101 2575.737 2585.334 2595.426 2606.26 2621.62 2638.758 2653.146 2670.708 2687.486 2701.801 2718.069 2734.426 2751.931 2770.358 2785.846 2802.957 2821.099 2836.953 2855.88 2875.25 2893 2912.318 2928.478
2973.886 2975.114 2971.95 2963.694 2953.085 2941.282 2927.926 2913.075 2894.974 2875.995 2858.47 2838.882 2821.736 2805.979 2793.511 2783.11 2766.121 2750.403 2737.58 2718.327 2700.178 2686.544 2670.852 2653.573 2636.148 2617.411 2600.808 2582.977 2560.627 2539.807 2524.156 2517.891 2508.689 2497.458 2496.938 2500.919 2512.017 2526.968 2538.787 2550.096 2559.365 2570.893 2585.701 2600.115 2618.071 2635.234 2649.094 2663.21 2676.645 2691.528 2710.304 2728.561 2746.677 2765.805 2783.366 2802.34 2822.317 2839.275 2858.17 2878.145 2898.082 2917.475 2931.371
